
0 0 0

1 1 0
0 0 1
0 1 0
9
0 0 0 0 0 0 0 0 0
1 0 0 1 0 0 1 1 1

------------------------------------

전의 값이 어떻게 되느냐가 중요함
일단 눌려 눌렸는데 전에 값을 확인하고 가는데
비교대상과 달라지면 
1 1 0 0 0 0 0 0 0 : 0번째 눌림
1 1 0 0 0 0 0 0 0 : 1번째 안눌림
1 0 1 1 0 0 0 0 0 : 2번째 눌림
1 0 0 0 1 0 0 0 0 : 3번째 눌림
1 0 0 1 0 1 0 0 0 : 4번째 눌림
1 0 0 1 0 0 1 1 0 : 5번째 눌림
1 0 0 1 0 0 1 0 1 : 6번째 눌림
같냐 ? 불가능
-1 


1111000000
1011100111

0011000000 1
1101000000 2
1010000000 3
1011110111 4
1011101011 5
1011100101 6
1011100100

1111000000
1000000000 1
1011100000 2


